32649,212931
131484,247691
15805,50560
101624,242681
120089,216637
225217,49792
44131,67408
63353,200528
217771,92195
242982,4259
13699,93785
218086,191707
95036,138365
22083,164839
181500,4268
206389,70760
58515,96122
158616,37311
110805,206629
122468,87644
91014,153773
57714,75783
54500,157353
144318,18721
47204,5796
204780,230281
103860,83314
148523,180664
125869,30874
7482,138808
71352,54865
56146,91134
152310,153185
204525,153827
242803,15725
40016,198755
229878,91253
246024,163722
60201,101982
65712,206935
136104,61594
210806,51782
162130,64583
163797,243643
130750,135999
236584,129357
78453,153815
165485,161173
113057,205843
209015,119464
17941,96149
89512,207655
68361,170924
195333,169353
181874,60630
60120,187313
48079,109401
70546,125342
71628,32078
73070,106251
45941,186498
223779,182434
238471,54807
146648,248972
100825,110026
4513,138003
164985,221507
218969,41585
52670,1414
231937,76068
85515,110788
211612,103433
189779,160929
182938,232939
202610,33490
94163,210271
245449,192663
114237,171163
41611,41430
49964,147157
121406,111127
116940,74155
50717,130027
210729,109858
27077,656
72989,163785
165465,137678
89984,52169
175086,188889
39728,93360
105849,191542
98447,172239
154034,89587
188137,127720
44447,207934
104269,162005
111401,34886
137262,196351
214859,17047
4206,27751
216371,186210
218549,48842
143977,218324
217743,191919
32844,4172
164351,45182
193296,72925
36333,182451
239847,188047
169611,41534
249233,120523
199754,153062
49114,34144
22361,235084
164938,246829
163295,19711
70839,207828
57984,203335
204596,198671
109195,60268
205601,73553
30840,10789
216548,231703
111047,13203
23674,18680
220878,119963
157384,69190
35425,162874
49860,167484
14232,64002
167847,79839
85052,59280
38750,14839
72397,189191
27832,88340
35051,42183
84604,217980
249198,23166
67610,232111
177634,3059
221739,118063
188316,47581
165860,2021
85601,247528
24012,129730
246375,210783
71834,28169
186170,30808
167009,65880
166468,35089
42878,244697
77549,8016
97379,149209
162132,197305
134476,17871
95617,203839
152387,74966
215948,53957
142685,216568
79310,84330
134688,173042
211804,31878
69935,58888
1064,144743
146602,93801
198301,136830
233340,131748
17909,239780
241477,94022
25005,149058
200871,48350
158561,147046
2602,130565
241876,156034
121991,242588
227511,65213
137261,64237
132678,152818
115459,237876
228070,9215
216661,64888
60286,146435
79050,195058
1882,105654
105528,213010
213557,68470
156832,27983
93684,32198
209964,2208
18625,211949
19989,223934
35626,18490
51175,43524
51123,162407
20277,149791
240540,11460
210265,206264
211943,160547
179449,238890
234300,55442
216131,202543
149972,129310
141354,131231
104254,147377
120720,199743
178675,166521
203086,77406
172797,22470
122020,82247
85142,53007
89465,187807
108572,42021
53573,238410
190451,223375
36582,154520
246037,133735
83851,75266
162857,78694
19493,50456
51698,16432
82886,71782
56328,185060
190710,216769
170821,223909
87477,165713
19287,212001
20485,75088
197814,224613
7952,130320
231294,62148
42253,18690
8412,213924
27007,197482
45714,179460
7750,18300
228145,137464
146301,79475
249841,35272
237889,979
16903,28999
105735,1196
171414,25135
180081,138658
66821,179485
151293,34741
182848,11960
141222,175300
213120,173322
226160,169350
109068,27848
105182,238
46868,112320
8353,167193
83135,187261
191874,173626
28313,57843
238275,35497
157909,71988
52096,48518
127885,240340
233327,216320
100871,218109
9612,124266
3578,87379
156885,187832
227004,135283
170799,9704
46958,176125
120826,133025
210202,125948
70914,230746
228360,185515
85932,226078
206257,215972
214769,79048
144732,142566
198765,146886
130143,95750
177555,172852
53604,212669
48888,213060
52634,68994
68296,94460
191381,205839
58773,89779
80683,130575
183480,33924
146109,71146
84077,173778
89736,16891
193153,23949
182755,69023
131690,77460
16906,26965
56076,204146
81671,206593
175137,200797
162992,70214
156667,231971
60605,98541
200755,62674
127971,74242
189697,4092
243562,226849
190128,57877
98020,78191
52058,148131
110231,198481
21735,10615
237031,1034
219184,74585
13985,194111
37779,213135
201319,178825
184194,109277
180530,1827
12104,53844
101554,111072
78993,33144
124731,75659
9156,169736
239018,143282
190494,171627
208610,66893
172229,55492
100129,2325
26697,132473
165094,142947
160368,183462
198279,9204
185864,76294
55131,237559
200825,73024
22048,230466
72108,106848
40833,128071
176037,12450
203483,109358
177436,197856
184308,207910
40611,7314
19228,225102
128734,63511
26039,127574
68556,99812
218891,154060
32456,176148
49294,246086
108829,176138
83066,135765
74086,125486
184998,143533
238866,242593
8748,206256
119905,57578
70587,36757
35185,95260
168417,159876
17581,131843
141680,225942
191267,159345
37203,221201
88839,18793
243958,181170
133838,64866
50318,122346
228564,2085
188145,131382
188463,195016
203590,177976
52186,121517
201360,198335
24859,61721
40033,117940
99777,178219
73235,164096
38969,73189
161524,102260
231214,223616
163916,157755
86022,104327
111570,131481
77942,193997
30940,40007
60823,237687
145322,52106
67057,200883
96010,33829
44891,107435
45697,85008
117621,130032
9698,124731
198335,195984
77317,31013
62401,201778
79439,74698
143931,29072
168356,67914
227506,167276
16422,110930
170476,149490
85162,127687
6266,247008
166216,42381
139152,35560
217696,41147
45508,52059
117,114367
56057,91630
115740,128124
198632,57561
25304,50665
232730,212291
89900,248273
45398,2648
213742,99659
23831,169886
182881,188599
69214,193082
201588,105482
85295,91466
201930,173264
61713,225343
66558,206996
196764,75383
105712,25118
69559,59115
29645,32993
247050,116659
148384,89535
59569,106645
78684,150833
62222,99864
215543,212807
82306,225437
172516,97625
188542,15294
46633,220607
104278,160584
79812,146204
73485,103676
246136,167742
203746,148912
157641,155680
52935,51022
178775,130517
40410,237930
149790,245230
80182,123296
110511,178423
232227,131213
226686,222314
96857,60695
234143,236249
9209,198480
247960,149346
249607,136737
79651,211307
243909,107122
58305,135199
101522,111634
246516,146777
78112,243969
105887,183167
231465,139928
115372,158133
121193,231171
84660,142242
41909,122931
45805,129482
164835,114328
213962,244564
161783,168820
45613,165210
144369,5422
92100,33552
35847,237204
140462,156922
164948,199014
188830,54422
67930,27009
33352,139401
208274,123234
101469,85843
64720,142501
164335,197417
237220,235350
4669,211254
227365,80267
240941,225376
59426,165352
138577,7540
110314,115631
137620,50184
209557,146350
177182,114458
149032,204881
151976,31815
16612,24316
146011,212075
